set terminal png
set output "rate-control.png"
plot "-"  title "aarf" with lines, "-"  title "cara" with lines, "-"  title "hybrid" with lines, "-"  title "ideal" with lines
1.5 31.616
2.5 33.056
3.5 32.928
4.5 33.04
5.5 33.04
6.5 32.896
7.5 32.96
8.5 32.992
9.5 32.88
10.5 33.008
11.5 32.992
12.5 32.912
13.5 32.864
14.5 32.992
15.5 32.944
16.5 32.976
17.5 32.992
18.5 33.024
19.5 33.008
20.5 32.992
21.5 32.96
22.5 32.928
23.5 32.96
24.5 33.024
25.5 32.976
26.5 33.056
27.5 32.944
28.5 32.896
29.5 33.024
30.5 32.976
31.5 33.072
32.5 32.992
33.5 32.896
34.5 33.04
35.5 32.912
36.5 32.912
37.5 33.104
38.5 32.944
39.5 32.8
40.5 32.496
41.5 31.952
42.5 31.104
43.5 29.2
44.5 26.016
45.5 23.616
46.5 23.84
47.5 24.544
48.5 24.688
49.5 24.72
50.5 24.576
51.5 24.72
52.5 24.688
53.5 24.688
54.5 24.736
55.5 24.784
56.5 24.656
57.5 24.704
58.5 24.672
59.5 24.848
60.5 24.72
61.5 24.672
62.5 24.72
63.5 24.704
64.5 24.656
65.5 24.736
66.5 24.688
67.5 24.736
68.5 24.64
69.5 24.64
70.5 24.416
71.5 24.336
72.5 23.168
73.5 22.096
74.5 20.624
75.5 17.728
76.5 15.392
77.5 14.8
78.5 14.272
79.5 14.464
80.5 14.512
81.5 14.528
82.5 14.544
83.5 14.512
84.5 14.528
85.5 14.512
86.5 14.528
87.5 14.512
88.5 14.544
89.5 14.528
90.5 14.512
91.5 14.512
92.5 14.544
93.5 14.512
94.5 14.528
95.5 14.496
96.5 14.528
97.5 14.56
98.5 14.528
99.5 14.528
100.5 14.544
101.5 14.528
102.5 14.528
103.5 14.512
104.5 14.544
105.5 14.512
106.5 14.528
107.5 14.544
108.5 14.528
109.5 14.496
110.5 14.544
111.5 14.512
112.5 14.528
113.5 14.496
114.5 14.528
115.5 14.528
116.5 14.496
117.5 14.576
118.5 14.512
119.5 14.496
120.5 14.48
121.5 14.496
122.5 14.336
123.5 14.48
124.5 14.368
125.5 14.096
126.5 14.336
127.5 13.696
128.5 13.296
129.5 13.216
130.5 12.928
131.5 11.344
132.5 11.52
133.5 10.768
134.5 10.208
135.5 10.048
136.5 9.888
137.5 9.92
138.5 10.112
139.5 10.224
140.5 10.16
141.5 10.16
142.5 10.224
143.5 10.256
144.5 10.256
145.5 10.256
146.5 10.256
147.5 10.24
148.5 10.24
149.5 10.24
150.5 10.24
151.5 10.224
152.5 10.224
153.5 10.192
154.5 10.24
155.5 10.176
156.5 10.16
157.5 10.208
158.5 10.016
159.5 10.048
160.5 9.552
161.5 9.888
162.5 8.784
163.5 8.4
164.5 7.712
165.5 7.568
166.5 7.344
167.5 6.288
168.5 5.744
169.5 5.664
170.5 5.44
171.5 5.44
172.5 5.392
173.5 5.36
174.5 5.456
175.5 5.44
176.5 5.472
177.5 5.456
178.5 5.472
179.5 5.472
180.5 5.456
181.5 5.44
182.5 5.456
183.5 5.488
184.5 5.456
185.5 5.456
186.5 5.472
187.5 5.456
188.5 5.456
189.5 5.472
190.5 5.44
191.5 5.456
192.5 5.456
193.5 5.392
194.5 5.44
195.5 5.44
196.5 5.44
197.5 5.44
198.5 5.424
199.5 5.376
200.5 5.376
201.5 5.392
202.5 5.408
203.5 5.328
204.5 5.328
205.5 5.152
206.5 4.992
207.5 5.008
208.5 4.88
209.5 4.704
210.5 4.656
211.5 4.256
212.5 4.128
213.5 3.76
214.5 3.568
215.5 3.44
216.5 2.56
217.5 2.352
218.5 1.92
219.5 1.968
220.5 1.216
221.5 0.752
222.5 0.72
223.5 0.48
224.5 0.288
225.5 0.24
226.5 0.08
227.5 0.016
228.5 0
229.5 0
230.5 0
231.5 0
232.5 0
233.5 0
234.5 0
235.5 0
236.5 0
237.5 0
238.5 0
239.5 0
240.5 0
241.5 0
242.5 0
243.5 0
244.5 0
245.5 0
246.5 0
247.5 0
248.5 0
249.5 0
250.5 0
251.5 0
252.5 0
253.5 0
254.5 0
255.5 0
256.5 0
257.5 0
258.5 0
259.5 0
260.5 0
261.5 0
262.5 0
263.5 0
264.5 0
265.5 0
266.5 0
267.5 0
268.5 0
269.5 0
270.5 0
271.5 0
272.5 0
273.5 0
274.5 0
275.5 0
276.5 0
277.5 0
278.5 0
279.5 0
280.5 0
281.5 0
282.5 0
283.5 0
284.5 0
285.5 0
286.5 0
287.5 0
288.5 0
289.5 0
290.5 0
291.5 0
292.5 0
293.5 0
294.5 0
295.5 0
296.5 0
297.5 0
298.5 0
299.5 0
300.5 0
301.5 0
302.5 0
303.5 0
304.5 0
305.5 0
306.5 0
307.5 0
308.5 0
309.5 0
310.5 0
311.5 0
312.5 0
313.5 0
314.5 0
315.5 0
316.5 0
317.5 0
318.5 0
319.5 0
320.5 0
321.5 0
322.5 0
323.5 0
324.5 0
325.5 0
326.5 0
327.5 0
328.5 0
329.5 0
330.5 0
331.5 0
332.5 0
333.5 0
334.5 0
335.5 0
336.5 0
337.5 0
338.5 0
339.5 0
340.5 0
341.5 0
342.5 0
343.5 0
344.5 0
345.5 0
346.5 0
347.5 0
348.5 0
349.5 0
350.5 0
351.5 0
352.5 0
353.5 0
354.5 0
355.5 0
356.5 0
357.5 0
358.5 0
359.5 0
360.5 0
361.5 0
362.5 0
363.5 0
364.5 0
365.5 0
366.5 0
367.5 0
368.5 0
369.5 0
370.5 0
371.5 0
372.5 0
373.5 0
374.5 0
375.5 0
376.5 0
377.5 0
378.5 0
379.5 0
380.5 0
381.5 0
382.5 0
383.5 0
384.5 0
385.5 0
386.5 0
387.5 0
388.5 0
389.5 0
390.5 0
391.5 0
392.5 0
393.5 0
394.5 0
395.5 0
396.5 0
397.5 0
398.5 0
399.5 0
400.5 0
401.5 0
402.5 0
403.5 0
404.5 0
405.5 0
406.5 0
407.5 0
408.5 0
409.5 0
410.5 0
e
1.5 31.552
2.5 32.96
3.5 32.976
4.5 32.928
5.5 32.944
6.5 33.088
7.5 32.912
8.5 32.992
9.5 33.024
10.5 32.944
11.5 33.024
12.5 32.96
13.5 32.896
14.5 32.96
15.5 32.96
16.5 32.928
17.5 32.992
18.5 32.912
19.5 32.912
20.5 32.992
21.5 32.96
22.5 32.992
23.5 32.992
24.5 32.832
25.5 33.024
26.5 32.976
27.5 32.944
28.5 32.896
29.5 32.848
30.5 33.024
31.5 32.912
32.5 33.024
33.5 33.024
34.5 32.88
35.5 32.928
36.5 33.056
37.5 32.912
38.5 32.944
39.5 32.88
40.5 32.624
41.5 32.096
42.5 31.184
43.5 28.592
44.5 24.544
45.5 22.288
46.5 20.704
47.5 20.48
48.5 20.608
49.5 20.528
50.5 20.544
51.5 20.528
52.5 20.512
53.5 20.576
54.5 20.48
55.5 20.544
56.5 20.432
57.5 20.544
58.5 20.656
59.5 20.544
60.5 20.512
61.5 20.56
62.5 20.496
63.5 20.624
64.5 20.448
65.5 20.496
66.5 20.48
67.5 20.64
68.5 20.448
69.5 20.352
70.5 20.384
71.5 20.16
72.5 19.904
73.5 19.216
74.5 17.984
75.5 16.736
76.5 14.928
77.5 13.856
78.5 13.296
79.5 12.848
80.5 12.72
81.5 12.688
82.5 12.72
83.5 12.704
84.5 12.672
85.5 12.672
86.5 12.688
87.5 12.672
88.5 12.688
89.5 12.736
90.5 12.672
91.5 12.656
92.5 12.672
93.5 12.704
94.5 12.688
95.5 12.672
96.5 12.688
97.5 12.672
98.5 12.704
99.5 12.688
100.5 12.656
101.5 12.688
102.5 12.672
103.5 12.704
104.5 12.656
105.5 12.688
106.5 12.672
107.5 12.656
108.5 12.704
109.5 12.72
110.5 12.64
111.5 12.704
112.5 12.592
113.5 12.704
114.5 12.656
115.5 12.704
116.5 12.656
117.5 12.736
118.5 12.64
119.5 12.672
120.5 12.672
121.5 12.624
122.5 12.576
123.5 12.592
124.5 12.576
125.5 12.496
126.5 12.32
127.5 12.112
128.5 12.096
129.5 11.84
130.5 11.44
131.5 11.168
132.5 10.528
133.5 10.192
134.5 9.792
135.5 9.296
136.5 9.232
137.5 8.96
138.5 9.04
139.5 8.928
140.5 8.832
141.5 8.896
142.5 8.848
143.5 8.848
144.5 8.896
145.5 8.864
146.5 8.88
147.5 8.848
148.5 8.88
149.5 8.848
150.5 8.864
151.5 8.848
152.5 8.816
153.5 8.864
154.5 8.88
155.5 8.816
156.5 8.768
157.5 8.768
158.5 8.816
159.5 8.688
160.5 8.432
161.5 8.544
162.5 8.48
163.5 8.016
164.5 7.712
165.5 6.896
166.5 6.624
167.5 6.064
168.5 5.52
169.5 5.504
170.5 5.52
171.5 5.216
172.5 5.216
173.5 4.992
174.5 5.008
175.5 4.96
176.5 4.928
177.5 4.928
178.5 4.928
179.5 4.912
180.5 4.896
181.5 4.912
182.5 4.928
183.5 4.912
184.5 4.912
185.5 4.928
186.5 4.912
187.5 4.896
188.5 4.912
189.5 4.912
190.5 4.912
191.5 4.912
192.5 4.912
193.5 4.912
194.5 4.912
195.5 4.896
196.5 4.896
197.5 4.912
198.5 4.864
199.5 4.896
200.5 4.912
201.5 4.816
202.5 4.896
203.5 4.784
204.5 4.768
205.5 4.752
206.5 4.656
207.5 4.656
208.5 4.544
209.5 4.512
210.5 4.32
211.5 4.144
212.5 3.888
213.5 3.776
214.5 3.632
215.5 3.072
216.5 2.944
217.5 2.624
218.5 2.256
219.5 1.984
220.5 1.344
221.5 0.96
222.5 0.928
223.5 0.352
224.5 0.192
225.5 0.224
226.5 0.08
227.5 0.016
228.5 0
229.5 0
230.5 0
231.5 0
232.5 0
233.5 0
234.5 0
235.5 0
236.5 0
237.5 0
238.5 0
239.5 0
240.5 0
241.5 0
242.5 0
243.5 0
244.5 0
245.5 0
246.5 0
247.5 0
248.5 0
249.5 0
250.5 0
251.5 0
252.5 0
253.5 0
254.5 0
255.5 0
256.5 0
257.5 0
258.5 0
259.5 0
260.5 0
261.5 0
262.5 0
263.5 0
264.5 0
265.5 0
266.5 0
267.5 0
268.5 0
269.5 0
270.5 0
271.5 0
272.5 0
273.5 0
274.5 0
275.5 0
276.5 0
277.5 0
278.5 0
279.5 0
280.5 0
281.5 0
282.5 0
283.5 0
284.5 0
285.5 0
286.5 0
287.5 0
288.5 0
289.5 0
290.5 0
291.5 0
292.5 0
293.5 0
294.5 0
295.5 0
296.5 0
297.5 0
298.5 0
299.5 0
300.5 0
301.5 0
302.5 0
303.5 0
304.5 0
305.5 0
306.5 0
307.5 0
308.5 0
309.5 0
310.5 0
311.5 0
312.5 0
313.5 0
314.5 0
315.5 0
316.5 0
317.5 0
318.5 0
319.5 0
320.5 0
321.5 0
322.5 0
323.5 0
324.5 0
325.5 0
326.5 0
327.5 0
328.5 0
329.5 0
330.5 0
331.5 0
332.5 0
333.5 0
334.5 0
335.5 0
336.5 0
337.5 0
338.5 0
339.5 0
340.5 0
341.5 0
342.5 0
343.5 0
344.5 0
345.5 0
346.5 0
347.5 0
348.5 0
349.5 0
350.5 0
351.5 0
352.5 0
353.5 0
354.5 0
355.5 0
356.5 0
357.5 0
358.5 0
359.5 0
360.5 0
361.5 0
362.5 0
363.5 0
364.5 0
365.5 0
366.5 0
367.5 0
368.5 0
369.5 0
370.5 0
371.5 0
372.5 0
373.5 0
374.5 0
375.5 0
376.5 0
377.5 0
378.5 0
379.5 0
380.5 0
381.5 0
382.5 0
383.5 0
384.5 0
385.5 0
386.5 0
387.5 0
388.5 0
389.5 0
390.5 0
391.5 0
392.5 0
393.5 0
394.5 0
395.5 0
396.5 0
397.5 0
398.5 0
399.5 0
400.5 0
401.5 0
402.5 0
403.5 0
404.5 0
405.5 0
406.5 0
407.5 0
408.5 0
409.5 0
410.5 0
e
1.5 31.664
2.5 32.912
3.5 33.04
4.5 32.96
5.5 32.976
6.5 32.896
7.5 32.976
8.5 32.944
9.5 32.944
10.5 32.912
11.5 33.008
12.5 32.928
13.5 33.008
14.5 32.896
15.5 33.008
16.5 32.944
17.5 33.056
18.5 33.072
19.5 32.992
20.5 32.96
21.5 32.944
22.5 32.96
23.5 32.896
24.5 32.944
25.5 32.928
26.5 32.992
27.5 32.976
28.5 32.8
29.5 32.928
30.5 32.944
31.5 32.896
32.5 32.944
33.5 32.928
34.5 32.992
35.5 33.04
36.5 32.992
37.5 32.88
38.5 32.944
39.5 32.896
40.5 32.688
41.5 32.096
42.5 31.104
43.5 28.864
44.5 25.552
45.5 23.312
46.5 23.424
47.5 24.304
48.5 24.592
49.5 24.72
50.5 24.672
51.5 24.704
52.5 24.72
53.5 24.752
54.5 24.688
55.5 24.72
56.5 24.688
57.5 24.768
58.5 24.704
59.5 24.688
60.5 24.736
61.5 24.688
62.5 24.752
63.5 24.72
64.5 24.64
65.5 24.64
66.5 24.768
67.5 24.688
68.5 23.232
69.5 23.216
70.5 23.088
71.5 24.416
72.5 23.44
73.5 21.792
74.5 19.408
75.5 17.872
76.5 15.376
77.5 14.512
78.5 14.272
79.5 14.224
80.5 14.528
81.5 14.48
82.5 14.544
83.5 14.48
84.5 14.544
85.5 14.512
86.5 14.528
87.5 14.512
88.5 14.512
89.5 14.496
90.5 14.512
91.5 14.512
92.5 14.544
93.5 14.512
94.5 14.512
95.5 14.512
96.5 14.528
97.5 14.528
98.5 14.544
99.5 14.48
100.5 14.496
101.5 14.576
102.5 14.512
103.5 14.512
104.5 14.544
105.5 14.544
106.5 14.512
107.5 14.528
108.5 14.496
109.5 14.512
110.5 14.528
111.5 14.528
112.5 14.528
113.5 14.496
114.5 14.528
115.5 14.528
116.5 14.48
117.5 14.528
118.5 14.512
119.5 14.512
120.5 14.464
121.5 14.512
122.5 13.504
123.5 13.44
124.5 14.368
125.5 14.272
126.5 14.176
127.5 13.84
128.5 13.632
129.5 13.168
130.5 13.008
131.5 12.144
132.5 10.864
133.5 10.768
134.5 10.384
135.5 10
136.5 9.92
137.5 9.984
138.5 10.016
139.5 10.08
140.5 10.128
141.5 10.224
142.5 10.224
143.5 10.24
144.5 10.24
145.5 10.256
146.5 10.224
147.5 10.224
148.5 10.256
149.5 10.256
150.5 10.224
151.5 10.272
152.5 10.192
153.5 10.24
154.5 10.208
155.5 10.176
156.5 10.176
157.5 10.064
158.5 9.04
159.5 9.328
160.5 8.768
161.5 9.664
162.5 9.2
163.5 9.328
164.5 7.472
165.5 7.44
166.5 7.44
167.5 6.304
168.5 5.696
169.5 5.68
170.5 5.488
171.5 5.52
172.5 5.424
173.5 5.456
174.5 5.424
175.5 5.456
176.5 5.456
177.5 5.472
178.5 5.44
179.5 5.456
180.5 5.488
181.5 5.456
182.5 5.456
183.5 5.472
184.5 5.456
185.5 5.456
186.5 5.472
187.5 5.456
188.5 5.456
189.5 5.456
190.5 5.456
191.5 5.456
192.5 5.424
193.5 5.456
194.5 5.472
195.5 5.456
196.5 5.456
197.5 5.44
198.5 5.44
199.5 5.376
200.5 5.36
201.5 5.408
202.5 5.328
203.5 5.376
204.5 5.344
205.5 5.264
206.5 4.64
207.5 4.832
208.5 4.912
209.5 4.464
210.5 4.288
211.5 4.432
212.5 4.208
213.5 3.696
214.5 3.616
215.5 3.328
216.5 3.12
217.5 2.64
218.5 2.128
219.5 1.52
220.5 1.424
221.5 0.928
222.5 0.72
223.5 0.448
224.5 0.224
225.5 0.128
226.5 0.064
227.5 0.016
228.5 0
229.5 0
230.5 0
231.5 0
232.5 0
233.5 0
234.5 0
235.5 0
236.5 0
237.5 0
238.5 0
239.5 0
240.5 0
241.5 0
242.5 0
243.5 0
244.5 0
245.5 0
246.5 0
247.5 0
248.5 0
249.5 0
250.5 0
251.5 0
252.5 0
253.5 0
254.5 0
255.5 0
256.5 0
257.5 0
258.5 0
259.5 0
260.5 0
261.5 0
262.5 0
263.5 0
264.5 0
265.5 0
266.5 0
267.5 0
268.5 0
269.5 0
270.5 0
271.5 0
272.5 0
273.5 0
274.5 0
275.5 0
276.5 0
277.5 0
278.5 0
279.5 0
280.5 0
281.5 0
282.5 0
283.5 0
284.5 0
285.5 0
286.5 0
287.5 0
288.5 0
289.5 0
290.5 0
291.5 0
292.5 0
293.5 0
294.5 0
295.5 0
296.5 0
297.5 0
298.5 0
299.5 0
300.5 0
301.5 0
302.5 0
303.5 0
304.5 0
305.5 0
306.5 0
307.5 0
308.5 0
309.5 0
310.5 0
311.5 0
312.5 0
313.5 0
314.5 0
315.5 0
316.5 0
317.5 0
318.5 0
319.5 0
320.5 0
321.5 0
322.5 0
323.5 0
324.5 0
325.5 0
326.5 0
327.5 0
328.5 0
329.5 0
330.5 0
331.5 0
332.5 0
333.5 0
334.5 0
335.5 0
336.5 0
337.5 0
338.5 0
339.5 0
340.5 0
341.5 0
342.5 0
343.5 0
344.5 0
345.5 0
346.5 0
347.5 0
348.5 0
349.5 0
350.5 0
351.5 0
352.5 0
353.5 0
354.5 0
355.5 0
356.5 0
357.5 0
358.5 0
359.5 0
360.5 0
361.5 0
362.5 0
363.5 0
364.5 0
365.5 0
366.5 0
367.5 0
368.5 0
369.5 0
370.5 0
371.5 0
372.5 0
373.5 0
374.5 0
375.5 0
376.5 0
377.5 0
378.5 0
379.5 0
380.5 0
381.5 0
382.5 0
383.5 0
384.5 0
385.5 0
386.5 0
387.5 0
388.5 0
389.5 0
390.5 0
391.5 0
392.5 0
393.5 0
394.5 0
395.5 0
396.5 0
397.5 0
398.5 0
399.5 0
400.5 0
401.5 0
402.5 0
403.5 0
404.5 0
405.5 0
406.5 0
407.5 0
408.5 0
409.5 0
410.5 0
e
1.5 32.8
2.5 32.976
3.5 33.04
4.5 32.976
5.5 32.976
6.5 32.912
7.5 32.96
8.5 33.056
9.5 32.928
10.5 32.912
11.5 33.024
12.5 33.04
13.5 32.944
14.5 32.976
15.5 33.008
16.5 33.024
17.5 32.912
18.5 32.992
19.5 32.896
20.5 32.928
21.5 32.928
22.5 33.04
23.5 32.896
24.5 32.944
25.5 32.896
26.5 32.896
27.5 32.864
28.5 32.976
29.5 32.896
30.5 32.992
31.5 32.992
32.5 32.928
33.5 32.864
34.5 32.928
35.5 32.864
36.5 32.928
37.5 32.864
38.5 32.896
39.5 32.96
40.5 32.672
41.5 32.368
42.5 31.664
43.5 29.456
44.5 26.688
45.5 25.056
46.5 25.152
47.5 25.2
48.5 25.152
49.5 25.056
50.5 25.024
51.5 25.024
52.5 25.12
53.5 25.056
54.5 25.136
55.5 25.136
56.5 25.136
57.5 25.072
58.5 25.12
59.5 25.04
60.5 25.104
61.5 25.072
62.5 25.2
63.5 25.088
64.5 25.04
65.5 25.104
66.5 25.056
67.5 24.976
68.5 25.056
69.5 24.8
70.5 24.784
71.5 24.608
72.5 24
73.5 23.232
74.5 21.312
75.5 19.888
76.5 14.688
77.5 14.672
78.5 14.704
79.5 14.704
80.5 14.704
81.5 14.688
82.5 14.656
83.5 14.688
84.5 14.672
85.5 14.672
86.5 14.656
87.5 14.656
88.5 14.656
89.5 14.672
90.5 14.672
91.5 14.688
92.5 14.656
93.5 14.704
94.5 14.64
95.5 14.704
96.5 14.672
97.5 14.688
98.5 14.688
99.5 14.672
100.5 14.688
101.5 14.656
102.5 14.688
103.5 14.672
104.5 14.672
105.5 14.688
106.5 14.688
107.5 14.704
108.5 14.672
109.5 14.688
110.5 14.672
111.5 14.688
112.5 14.64
113.5 14.688
114.5 14.656
115.5 14.672
116.5 14.672
117.5 14.672
118.5 14.656
119.5 14.688
120.5 14.64
121.5 14.624
122.5 14.56
123.5 14.592
124.5 14.416
125.5 14.592
126.5 14.208
127.5 14.096
128.5 13.712
129.5 13.52
130.5 13.2
131.5 12.8
132.5 11.552
133.5 10.4
134.5 10.384
135.5 10.368
136.5 10.384
137.5 10.368
138.5 10.368
139.5 10.384
140.5 10.368
141.5 10.368
142.5 10.368
143.5 10.384
144.5 10.368
145.5 10.352
146.5 10.384
147.5 10.384
148.5 10.368
149.5 10.352
150.5 10.352
151.5 10.352
152.5 10.384
153.5 10.352
154.5 10.288
155.5 10.304
156.5 10.208
157.5 10.208
158.5 10.08
159.5 9.952
160.5 9.968
161.5 9.808
162.5 9.536
163.5 9.408
164.5 9.36
165.5 8.736
166.5 8.304
167.5 7.52
168.5 5.536
169.5 5.504
170.5 5.52
171.5 5.52
172.5 5.504
173.5 5.52
174.5 5.504
175.5 5.52
176.5 5.504
177.5 5.52
178.5 5.504
179.5 5.52
180.5 5.52
181.5 5.52
182.5 5.504
183.5 5.504
184.5 5.504
185.5 5.52
186.5 5.52
187.5 5.504
188.5 5.488
189.5 5.52
190.5 5.488
191.5 5.504
192.5 5.52
193.5 5.488
194.5 5.52
195.5 5.488
196.5 5.504
197.5 5.44
198.5 5.52
199.5 5.424
200.5 5.392
201.5 5.376
202.5 5.456
203.5 5.264
204.5 5.312
205.5 5.12
206.5 5.12
207.5 5.024
208.5 4.976
209.5 4.896
210.5 4.72
211.5 4.528
212.5 4.416
213.5 3.904
214.5 3.824
215.5 3.328
216.5 2.768
217.5 2.608
218.5 2.016
219.5 1.6
220.5 1.264
221.5 0.96
222.5 0.608
223.5 0.288
224.5 0.256
225.5 0.128
226.5 0.08
227.5 0.032
228.5 0.032
229.5 0
230.5 0
231.5 0
232.5 0
233.5 0
234.5 0
235.5 0
236.5 0
237.5 0
238.5 0
239.5 0
240.5 0
241.5 0
242.5 0
243.5 0
244.5 0
245.5 0
246.5 0
247.5 0
248.5 0
249.5 0
250.5 0
251.5 0
252.5 0
253.5 0
254.5 0
255.5 0
256.5 0
257.5 0
258.5 0
259.5 0
260.5 0
261.5 0
262.5 0
263.5 0
264.5 0
265.5 0
266.5 0
267.5 0
268.5 0
269.5 0
270.5 0
271.5 0
272.5 0
273.5 0
274.5 0
275.5 0
276.5 0
277.5 0
278.5 0
279.5 0
280.5 0
281.5 0
282.5 0
283.5 0
284.5 0
285.5 0
286.5 0
287.5 0
288.5 0
289.5 0
290.5 0
291.5 0
292.5 0
293.5 0
294.5 0
295.5 0
296.5 0
297.5 0
298.5 0
299.5 0
300.5 0
301.5 0
302.5 0
303.5 0
304.5 0
305.5 0
306.5 0
307.5 0
308.5 0
309.5 0
310.5 0
311.5 0
312.5 0
313.5 0
314.5 0
315.5 0
316.5 0
317.5 0
318.5 0
319.5 0
320.5 0
321.5 0
322.5 0
323.5 0
324.5 0
325.5 0
326.5 0
327.5 0
328.5 0
329.5 0
330.5 0
331.5 0
332.5 0
333.5 0
334.5 0
335.5 0
336.5 0
337.5 0
338.5 0
339.5 0
340.5 0
341.5 0
342.5 0
343.5 0
344.5 0
345.5 0
346.5 0
347.5 0
348.5 0
349.5 0
350.5 0
351.5 0
352.5 0
353.5 0
354.5 0
355.5 0
356.5 0
357.5 0
358.5 0
359.5 0
360.5 0
361.5 0
362.5 0
363.5 0
364.5 0
365.5 0
366.5 0
367.5 0
368.5 0
369.5 0
370.5 0
371.5 0
372.5 0
373.5 0
374.5 0
375.5 0
376.5 0
377.5 0
378.5 0
379.5 0
380.5 0
381.5 0
382.5 0
383.5 0
384.5 0
385.5 0
386.5 0
387.5 0
388.5 0
389.5 0
390.5 0
391.5 0
392.5 0
393.5 0
394.5 0
395.5 0
396.5 0
397.5 0
398.5 0
399.5 0
400.5 0
401.5 0
402.5 0
403.5 0
404.5 0
405.5 0
406.5 0
407.5 0
408.5 0
409.5 0
410.5 0
e
