set terminal png
set output "rate-control.png"
plot "-"  title "aarf" with lines, "-"  title "cara" with lines, "-"  title "hybrid" with lines, "-"  title "ideal" with lines
1.5 31.504
2.5 32.992
3.5 32.976
4.5 33.008
5.5 33.024
6.5 33.136
7.5 32.928
8.5 33.072
9.5 32.928
10.5 33.008
11.5 33.008
12.5 33.04
13.5 32.896
14.5 32.976
15.5 32.928
16.5 32.912
17.5 32.944
18.5 32.928
19.5 33.008
20.5 32.944
21.5 33.008
22.5 32.928
23.5 32.96
24.5 32.992
25.5 11.976
26.5 14.104
27.5 15.016
28.5 14.608
29.5 14.696
30.5 14.776
31.5 14.496
32.5 15.952
33.5 15.032
34.5 15.24
35.5 15.416
36.5 15.72
37.5 15.64
38.5 13.104
39.5 15.032
40.5 14.92
41.5 15.304
42.5 15.88
43.5 14.528
44.5 15.336
45.5 15.72
46.5 14.784
47.5 14.808
48.5 15.704
49.5 15.784
50.5 8.53867
51.5 3.35467
52.5 6.53333
53.5 3.56267
54.5 4.34133
55.5 3.664
56.5 5.81867
57.5 7.06133
58.5 4.256
59.5 5.664
60.5 4.58667
61.5 7.00267
62.5 7.46133
63.5 3.93067
64.5 4.46933
65.5 4.78933
66.5 6.752
67.5 5.248
68.5 5.14667
69.5 4.66667
70.5 5.75467
71.5 5.53067
72.5 3.65867
73.5 5.59467
74.5 6.944
75.5 4.28267
76.5 6.28267
77.5 4.54933
78.5 6.624
79.5 4.304
80.5 5.06133
81.5 3.22133
82.5 3.99467
83.5 5.71733
84.5 2.55467
85.5 5.312
86.5 5.648
87.5 4.08533
88.5 5.97867
89.5 5.28
90.5 7.65867
91.5 4.20267
92.5 6.93867
93.5 7.48267
94.5 4.96
95.5 7.14133
96.5 7.09333
97.5 6.13867
98.5 5.312
99.5 6.21333
100.5 4.94933
101.5 4.8
102.5 4.352
103.5 3.49867
104.5 5.50933
105.5 4.07467
106.5 4.55467
107.5 4.74133
108.5 4.85333
109.5 7.86133
110.5 5.43467
111.5 7.62667
112.5 4.672
113.5 6.02133
114.5 6.848
115.5 4.26133
116.5 7.296
117.5 4.656
118.5 6.64
119.5 3.75467
120.5 3.776
121.5 3.54133
122.5 7.088
123.5 7.33333
124.5 5.89867
125.5 2.112
126.5 1.784
127.5 2.156
128.5 2.472
129.5 1.648
130.5 2.352
131.5 1.908
132.5 1.736
133.5 1.6
134.5 1.724
135.5 1.744
136.5 1.868
137.5 2
138.5 2.94
139.5 2.4
140.5 2.192
141.5 1.888
142.5 1.928
143.5 1.672
144.5 1.892
145.5 2.304
146.5 3.152
147.5 2.052
148.5 2.148
149.5 1.864
150.5 1.4752
151.5 1.5648
152.5 1.4144
153.5 1.5264
154.5 1.1968
155.5 1.2352
156.5 1.2768
157.5 1.3792
158.5 1.184
159.5 1.3952
160.5 1.248
161.5 1.2864
162.5 1.0784
163.5 1.5552
164.5 1.7312
165.5 1.2032
166.5 1.2
167.5 1.2576
168.5 1.6352
169.5 1.28
170.5 1.5168
171.5 1.2896
172.5 1.4656
173.5 1.2576
174.5 1.3152
175.5 1.1968
176.5 1.312
177.5 1.4592
178.5 1.3664
179.5 1.264
180.5 1.104
181.5 1.1456
182.5 1.3056
183.5 1.8112
184.5 1.3824
185.5 1.3504
186.5 1.2384
187.5 1.4272
188.5 1.5968
189.5 1.2832
190.5 1.2864
191.5 1.2128
192.5 1.3088
193.5 1.2032
194.5 1.1776
195.5 1.2608
196.5 1.4912
197.5 1.2448
198.5 1.04
199.5 1.0752
200.5 6.656
201.5 7.824
202.5 6.24
203.5 7.104
204.5 17.776
205.5 32.976
206.5 32.912
207.5 32.832
208.5 32.928
209.5 32.944
210.5 32.944
211.5 32.912
212.5 32.96
213.5 32.896
214.5 32.96
215.5 32.944
216.5 32.944
217.5 32.96
218.5 32.784
219.5 32.576
220.5 30.784
221.5 26.64
222.5 24.128
223.5 24.432
224.5 24.8
225.5 24.768
226.5 24.752
227.5 24.656
228.5 24.8
229.5 24.72
230.5 24.736
231.5 24.688
232.5 24.704
233.5 24.64
234.5 24.56
235.5 23.824
236.5 19.872
237.5 16.112
238.5 14.544
239.5 14.384
240.5 14.512
241.5 14.56
242.5 14.496
243.5 14.544
244.5 14.496
245.5 14.496
246.5 14.496
247.5 14.544
248.5 14.528
249.5 14.544
250.5 14.544
251.5 14.544
252.5 14.496
253.5 14.528
254.5 14.512
255.5 14.544
256.5 14.496
257.5 14.512
258.5 14.528
259.5 14.464
260.5 14.48
261.5 14.368
262.5 14.24
263.5 13.664
264.5 12.896
265.5 10.896
266.5 10.224
267.5 9.936
268.5 10.016
269.5 10.192
270.5 10.256
271.5 10.24
272.5 10.24
273.5 10.224
274.5 10.256
275.5 10.224
276.5 10.144
277.5 9.92
278.5 10.112
279.5 9.696
280.5 9.024
281.5 8.368
282.5 6.96
283.5 6.256
284.5 5.488
285.5 5.408
286.5 5.456
287.5 5.456
288.5 5.472
289.5 5.456
290.5 5.456
291.5 5.472
292.5 5.456
293.5 5.44
294.5 5.472
295.5 5.456
296.5 5.456
297.5 5.456
298.5 5.392
299.5 5.344
e
1.5 31.6
2.5 32.896
3.5 33.04
4.5 32.992
5.5 32.896
6.5 32.944
7.5 32.976
8.5 33.008
9.5 32.864
10.5 32.976
11.5 32.928
12.5 33.072
13.5 32.96
14.5 33.088
15.5 32.896
16.5 33.008
17.5 32.896
18.5 32.912
19.5 33.056
20.5 32.976
21.5 32.96
22.5 32.992
23.5 32.976
24.5 32.96
25.5 15.16
26.5 15.904
27.5 15.904
28.5 15.832
29.5 16.064
30.5 16.168
31.5 15.808
32.5 16.144
33.5 15.864
34.5 16.04
35.5 16.016
36.5 15.832
37.5 15.784
38.5 15.944
39.5 15.784
40.5 16.008
41.5 15.64
42.5 16.016
43.5 16.056
44.5 16.184
45.5 16.2
46.5 16.216
47.5 15.944
48.5 15.88
49.5 16.424
50.5 9.81867
51.5 10.2773
52.5 10.2613
53.5 10.2507
54.5 10.2933
55.5 10.3413
56.5 10.3147
57.5 10.4213
58.5 10.32
59.5 10.2187
60.5 10.3947
61.5 10.2507
62.5 10.176
63.5 10.4
64.5 10.3467
65.5 10.3733
66.5 10.4267
67.5 10.2027
68.5 10.192
69.5 10.2453
70.5 10.1813
71.5 10.176
72.5 10.4373
73.5 10.2507
74.5 10.3947
75.5 10.176
76.5 10.32
77.5 10.2667
78.5 10.3147
79.5 10.448
80.5 10.2613
81.5 10.192
82.5 10.1867
83.5 10.3627
84.5 10.4427
85.5 10.3573
86.5 10.4267
87.5 10.176
88.5 10.4267
89.5 10.3147
90.5 10.2827
91.5 10.2933
92.5 10.2933
93.5 10.3147
94.5 10.3467
95.5 10.2667
96.5 10.2293
97.5 10.256
98.5 10.5013
99.5 10.2613
100.5 10.3787
101.5 10.0587
102.5 10.336
103.5 10.1493
104.5 10.24
105.5 10.3147
106.5 10.256
107.5 10.368
108.5 10.3787
109.5 10.2773
110.5 10.48
111.5 10.272
112.5 10.2827
113.5 10.2507
114.5 10.3787
115.5 10.272
116.5 10.3413
117.5 10.352
118.5 10.368
119.5 10.256
120.5 10.2187
121.5 10.3893
122.5 10.2827
123.5 10.2827
124.5 10.288
125.5 7.16
126.5 7.492
127.5 7.588
128.5 7.432
129.5 7.492
130.5 7.504
131.5 7.416
132.5 7.48
133.5 7.516
134.5 7.492
135.5 7.408
136.5 7.436
137.5 7.572
138.5 7.444
139.5 7.492
140.5 7.588
141.5 7.6
142.5 7.476
143.5 7.472
144.5 7.504
145.5 7.536
146.5 7.548
147.5 7.504
148.5 7.424
149.5 7.552
150.5 5.5552
151.5 5.76
152.5 5.8816
153.5 5.8528
154.5 5.9392
155.5 5.8912
156.5 5.8528
157.5 5.8656
158.5 5.9328
159.5 5.8304
160.5 5.8528
161.5 5.8144
162.5 5.8624
163.5 5.888
164.5 5.8752
165.5 5.792
166.5 5.808
167.5 5.8784
168.5 5.8944
169.5 5.8752
170.5 5.936
171.5 5.872
172.5 5.872
173.5 5.8464
174.5 5.7632
175.5 5.9808
176.5 5.8944
177.5 5.9072
178.5 5.8048
179.5 5.8656
180.5 5.888
181.5 5.7984
182.5 5.9168
183.5 5.9424
184.5 5.9008
185.5 5.9136
186.5 5.9584
187.5 5.8336
188.5 5.8112
189.5 5.9008
190.5 5.7728
191.5 5.8208
192.5 5.8688
193.5 5.9168
194.5 5.8208
195.5 5.9008
196.5 5.8784
197.5 5.8624
198.5 5.8592
199.5 5.8592
200.5 29.312
201.5 30.688
202.5 32.928
203.5 32.88
204.5 33.04
205.5 32.912
206.5 32.976
207.5 33.056
208.5 32.944
209.5 32.928
210.5 32.944
211.5 32.976
212.5 32.928
213.5 32.848
214.5 32.96
215.5 33.008
216.5 33.088
217.5 32.944
218.5 32.816
219.5 32.272
220.5 30.384
221.5 25.472
222.5 21.328
223.5 20.496
224.5 20.48
225.5 20.608
226.5 20.576
227.5 20.512
228.5 20.576
229.5 20.496
230.5 20.544
231.5 20.48
232.5 20.56
233.5 20.512
234.5 20.352
235.5 19.808
236.5 17.68
237.5 15.664
238.5 13.616
239.5 12.816
240.5 12.672
241.5 12.688
242.5 12.752
243.5 12.656
244.5 12.688
245.5 12.704
246.5 12.64
247.5 12.688
248.5 12.688
249.5 12.672
250.5 12.688
251.5 12.688
252.5 12.656
253.5 12.672
254.5 12.704
255.5 12.672
256.5 12.656
257.5 12.656
258.5 12.704
259.5 12.672
260.5 12.688
261.5 12.496
262.5 12.384
263.5 12.16
264.5 11.536
265.5 10.496
266.5 9.584
267.5 9.312
268.5 9.072
269.5 8.848
270.5 8.88
271.5 8.848
272.5 8.848
273.5 8.896
274.5 8.864
275.5 8.816
276.5 8.848
277.5 8.816
278.5 8.736
279.5 8.672
280.5 8.064
281.5 7.888
282.5 6.752
283.5 6.304
284.5 5.408
285.5 5.12
286.5 4.992
287.5 4.944
288.5 4.896
289.5 4.896
290.5 4.928
291.5 4.912
292.5 4.912
293.5 4.896
294.5 4.928
295.5 4.912
296.5 4.88
297.5 4.912
298.5 4.896
299.5 4.816
e
1.5 31.504
2.5 32.976
3.5 32.928
4.5 32.944
5.5 32.944
6.5 32.976
7.5 32.896
8.5 32.992
9.5 32.928
10.5 32.992
11.5 32.96
12.5 33.104
13.5 32.944
14.5 32.864
15.5 32.976
16.5 33.008
17.5 32.896
18.5 33.024
19.5 33.056
20.5 32.864
21.5 32.976
22.5 32.976
23.5 33.024
24.5 32.992
25.5 15.264
26.5 15.856
27.5 15.888
28.5 16.04
29.5 15.816
30.5 16.32
31.5 16.024
32.5 15.76
33.5 16.088
34.5 15.864
35.5 15.848
36.5 15.928
37.5 15.912
38.5 16.072
39.5 15.984
40.5 15.856
41.5 15.904
42.5 15.872
43.5 16.016
44.5 16.056
45.5 15.776
46.5 15.864
47.5 15.632
48.5 16.12
49.5 15.992
50.5 9.776
51.5 10.288
52.5 10.2507
53.5 10.2827
54.5 10.1813
55.5 9.70667
56.5 9.01867
57.5 10.2987
58.5 10.1867
59.5 10.2667
60.5 9.41333
61.5 5.344
62.5 8.576
63.5 10.4373
64.5 10.3093
65.5 10.3093
66.5 5.89867
67.5 10.288
68.5 10.3093
69.5 10.2453
70.5 10.224
71.5 7.36
72.5 9.79733
73.5 10.256
74.5 10.2613
75.5 10.3573
76.5 9.38667
77.5 9.34933
78.5 10.3627
79.5 10.3253
80.5 9.29067
81.5 9.26933
82.5 10.2933
83.5 10.2933
84.5 10.304
85.5 10.2933
86.5 8.4
87.5 9.488
88.5 10.2293
89.5 10.2293
90.5 10.16
91.5 9.904
92.5 10.176
93.5 10.1067
94.5 10.24
95.5 5.86133
96.5 10.2987
97.5 10.448
98.5 10.224
99.5 10.2773
100.5 10.2027
101.5 8.34667
102.5 8.08533
103.5 10.336
104.5 10.3307
105.5 9.65867
106.5 9.77067
107.5 10.1707
108.5 10.368
109.5 9.38667
110.5 9.14667
111.5 10.16
112.5 10.2133
113.5 10.2773
114.5 10.304
115.5 10.2507
116.5 10.1547
117.5 10.3093
118.5 10.3253
119.5 10.304
120.5 5.40267
121.5 8.50667
122.5 10.2667
123.5 10.4693
124.5 10.0693
125.5 7.088
126.5 7.544
127.5 7.368
128.5 7.508
129.5 7.528
130.5 7.544
131.5 7.508
132.5 7.392
133.5 6.38
134.5 3.416
135.5 5.624
136.5 7.544
137.5 7.488
138.5 7.596
139.5 5.428
140.5 6.308
141.5 7.38
142.5 7.508
143.5 7.556
144.5 5.66
145.5 5.108
146.5 7.432
147.5 5.512
148.5 7.316
149.5 7.472
150.5 5.5424
151.5 5.7984
152.5 5.7824
153.5 5.8752
154.5 5.8496
155.5 5.8176
156.5 4.4992
157.5 3.4816
158.5 5.8624
159.5 5.8368
160.5 5.8976
161.5 5.7888
162.5 5.7792
163.5 3.728
164.5 4.2688
165.5 5.8272
166.5 5.8624
167.5 4.9728
168.5 3.4176
169.5 4.6016
170.5 3.5584
171.5 4.8896
172.5 5.8368
173.5 5.8592
174.5 5.9168
175.5 5.04
176.5 2.7648
177.5 3.4752
178.5 5.7824
179.5 5.7568
180.5 5.8176
181.5 4.5728
182.5 2.8448
183.5 3.6224
184.5 3.0208
185.5 3.0016
186.5 3.216
187.5 3.168
188.5 3.0976
189.5 3.2096
190.5 3.7248
191.5 3.1904
192.5 3.008
193.5 2.608
194.5 2.9824
195.5 2.288
196.5 3.5968
197.5 3.1904
198.5 4.0864
199.5 2.9024
200.5 16.848
201.5 16.528
202.5 21.744
203.5 32.896
204.5 32.96
205.5 32.928
206.5 32.912
207.5 32.864
208.5 32.912
209.5 32.928
210.5 33.008
211.5 33.088
212.5 32.896
213.5 32.944
214.5 32.912
215.5 32.88
216.5 32.96
217.5 32.928
218.5 32.928
219.5 32.384
220.5 29.968
221.5 25.264
222.5 22.448
223.5 24.72
224.5 24.688
225.5 24.752
226.5 24.704
227.5 24.768
228.5 24.192
229.5 23.76
230.5 24.72
231.5 24.656
232.5 24.72
233.5 24.736
234.5 24.432
235.5 22.464
236.5 19.888
237.5 15.744
238.5 14.464
239.5 14.384
240.5 14.512
241.5 14.544
242.5 14.544
243.5 14.512
244.5 14.528
245.5 14.144
246.5 13.984
247.5 14.512
248.5 14.512
249.5 14.512
250.5 14.496
251.5 14.528
252.5 14.512
253.5 14.544
254.5 14.512
255.5 14.512
256.5 14.272
257.5 13.744
258.5 14.48
259.5 14.512
260.5 14.464
261.5 14.4
262.5 14.048
263.5 13.408
264.5 12.784
265.5 11.36
266.5 10.224
267.5 9.824
268.5 10.16
269.5 9.488
270.5 9.92
271.5 10.256
272.5 10.256
273.5 10.24
274.5 10.24
275.5 10.224
276.5 10.224
277.5 10.176
278.5 10.064
279.5 9.536
280.5 8.848
281.5 8.096
282.5 6.752
283.5 5.696
284.5 5.52
285.5 5.456
286.5 5.44
287.5 5.44
288.5 5.216
289.5 4.96
290.5 5.456
291.5 5.456
292.5 5.456
293.5 5.456
294.5 5.488
295.5 5.456
296.5 5.456
297.5 5.408
298.5 5.44
299.5 5.408
e
1.5 32.784
2.5 32.896
3.5 32.896
4.5 32.992
5.5 32.944
6.5 33.008
7.5 32.928
8.5 33.024
9.5 32.976
10.5 32.976
11.5 33.008
12.5 32.912
13.5 32.88
14.5 33.024
15.5 32.928
16.5 33.04
17.5 32.944
18.5 32.96
19.5 32.928
20.5 32.976
21.5 32.944
22.5 32.896
23.5 32.912
24.5 32.944
25.5 16.48
26.5 16.456
27.5 16.248
28.5 16.408
29.5 16.328
30.5 16.464
31.5 16.312
32.5 16.592
33.5 16.32
34.5 16.408
35.5 16.472
36.5 16.552
37.5 16.472
38.5 16.304
39.5 16.192
40.5 16.368
41.5 16.424
42.5 16.448
43.5 16.536
44.5 16.4
45.5 16.304
46.5 16.464
47.5 16.56
48.5 16.432
49.5 16.296
50.5 10.72
51.5 10.7093
52.5 10.864
53.5 10.8693
54.5 10.7893
55.5 10.6987
56.5 10.7627
57.5 10.8533
58.5 10.6827
59.5 10.6933
60.5 10.7093
61.5 10.7253
62.5 10.7787
63.5 10.7307
64.5 10.7467
65.5 10.736
66.5 10.72
67.5 10.704
68.5 10.7253
69.5 10.656
70.5 10.6987
71.5 10.7947
72.5 10.7467
73.5 10.6987
74.5 10.8107
75.5 10.6133
76.5 10.72
77.5 10.7733
78.5 10.7307
79.5 10.6187
80.5 10.7627
81.5 10.8107
82.5 10.7733
83.5 10.704
84.5 10.72
85.5 10.7093
86.5 10.816
87.5 10.752
88.5 10.7467
89.5 10.7733
90.5 10.816
91.5 10.6773
92.5 10.7307
93.5 10.7307
94.5 10.5493
95.5 10.7307
96.5 10.7733
97.5 10.6827
98.5 10.6453
99.5 10.7147
100.5 10.6613
101.5 10.832
102.5 10.6773
103.5 10.8213
104.5 10.8213
105.5 10.7467
106.5 10.6933
107.5 10.6133
108.5 10.7733
109.5 10.7413
110.5 10.656
111.5 10.6987
112.5 10.64
113.5 10.7093
114.5 10.672
115.5 10.7147
116.5 10.72
117.5 10.7733
118.5 10.8267
119.5 10.6613
120.5 10.6613
121.5 10.768
122.5 10.6507
123.5 10.7467
124.5 10.7467
125.5 7.968
126.5 7.864
127.5 7.828
128.5 7.912
129.5 7.828
130.5 7.904
131.5 7.848
132.5 7.884
133.5 7.88
134.5 7.968
135.5 7.84
136.5 7.84
137.5 7.828
138.5 7.912
139.5 7.888
140.5 7.908
141.5 7.876
142.5 7.812
143.5 7.836
144.5 7.86
145.5 7.888
146.5 7.868
147.5 7.948
148.5 7.84
149.5 7.852
150.5 6.2144
151.5 6.2368
152.5 6.1984
153.5 6.208
154.5 6.144
155.5 6.1088
156.5 6.1888
157.5 6.16
158.5 6.1984
159.5 6.1952
160.5 6.24
161.5 6.2336
162.5 6.2336
163.5 6.1888
164.5 6.1536
165.5 6.1568
166.5 6.1472
167.5 6.1824
168.5 6.1632
169.5 6.176
170.5 6.128
171.5 6.1952
172.5 6.2272
173.5 6.2592
174.5 6.2176
175.5 6.1568
176.5 6.2048
177.5 6.1472
178.5 6.2016
179.5 6.1184
180.5 6.2624
181.5 6.112
182.5 6.192
183.5 6.16
184.5 6.208
185.5 6.1472
186.5 6.1536
187.5 6.2368
188.5 6.1312
189.5 6.1568
190.5 6.1824
191.5 6.2432
192.5 6.1024
193.5 6.2208
194.5 6.1408
195.5 6.1984
196.5 6.16
197.5 6.24
198.5 6.1888
199.5 6.2016
200.5 31.152
201.5 31.952
202.5 32.896
203.5 32.976
204.5 33.056
205.5 33.008
206.5 32.928
207.5 32.992
208.5 32.928
209.5 32.88
210.5 32.96
211.5 32.944
212.5 32.8
213.5 32.832
214.5 32.928
215.5 32.96
216.5 33.008
217.5 32.864
218.5 32.928
219.5 32.56
220.5 30.752
221.5 27.312
222.5 25.024
223.5 25.056
224.5 25.056
225.5 25.104
226.5 25.152
227.5 25.104
228.5 25.136
229.5 25.104
230.5 25.136
231.5 25.056
232.5 25.088
233.5 24.992
234.5 24.704
235.5 24.064
236.5 21.792
237.5 17.616
238.5 14.704
239.5 14.704
240.5 14.704
241.5 14.64
242.5 14.688
243.5 14.672
244.5 14.688
245.5 14.688
246.5 14.672
247.5 14.656
248.5 14.688
249.5 14.72
250.5 14.64
251.5 14.688
252.5 14.688
253.5 14.688
254.5 14.688
255.5 14.688
256.5 14.704
257.5 14.688
258.5 14.608
259.5 14.624
260.5 14.624
261.5 14.496
262.5 14.128
263.5 13.984
264.5 13.232
265.5 11.584
266.5 10.384
267.5 10.368
268.5 10.384
269.5 10.368
270.5 10.384
271.5 10.352
272.5 10.368
273.5 10.352
274.5 10.336
275.5 10.352
276.5 10.304
277.5 10.256
278.5 10.16
279.5 10.016
280.5 9.456
281.5 9.168
282.5 8.16
283.5 6.432
284.5 5.52
285.5 5.504
286.5 5.504
287.5 5.52
288.5 5.52
289.5 5.52
290.5 5.504
291.5 5.504
292.5 5.504
293.5 5.504
294.5 5.52
295.5 5.488
296.5 5.472
297.5 5.488
298.5 5.456
299.5 5.456
e
